Marcus
3
AI
1
2
1636490668
002000000100100024010012241002111400211214
ADMIN
1
Goofy
4
2
1636492670
000000000000004000200140110012421001114122
ADMIN
1
Goofy
4
2
1636492688
000000000000000003000002300000230000023000
Player 1
1
Player 2
2
2
1636493039
000000000000000030000003200000320000032000
Player 1
2
AI
1
0
1636495248
212112121212222111222122211122112112111212
Eva
4
AI
1
2
1636496412
000002000000100000020000002000000103333220
Marcus
1
eva
4
1
1636497099
000000000020000333300022120012122002111200
